timestamp,open,high,low,close,volume,close_time,quote_volume,trades,taker_buy_base,taker_buy_quote,ignore,symbol,range,change
2026-02-07 11:00:00,0.00462,0.004832,0.004584,0.004653,65166351,1770465599999,306013.86116,5890,32639177,153476.8302920,0,XNYUSDT,0.00024799999999999996,0.71
2026-02-07 12:00:00,0.004649,0.004693,0.004389,0.004394,70232858,1770469199999,317959.359433,6882,24967485,113166.8726320,0,XNYUSDT,0.00030400000000000045,-5.49
2026-02-07 13:00:00,0.004403,0.004512,0.004277,0.004482,75692511,1770472799999,330844.512259,5896,34215529,149706.0766790,0,XNYUSDT,0.00023499999999999997,1.79
2026-02-07 14:00:00,0.00448,0.00455,0.004331,0.004415,59505156,1770476399999,262836.513228,4812,23115966,102198.6268560,0,XNYUSDT,0.00021900000000000044,-1.45
2026-02-07 15:00:00,0.004421,0.004497,0.00438,0.004486,18381048,1770479999999,81524.271514,1789,9772411,43439.9920170,0,XNYUSDT,0.00011699999999999992,1.47
2026-02-07 16:00:00,0.004483,0.004548,0.004404,0.004444,30223589,1770483599999,135523.670579,2770,15999783,71819.2916730,0,XNYUSDT,0.00014400000000000003,-0.87
2026-02-07 17:00:00,0.004443,0.004611,0.004405,0.00457,30260412,1770487199999,136729.713863,2838,19328479,87383.5591780,0,XNYUSDT,0.00020599999999999959,2.86
2026-02-07 18:00:00,0.004573,0.004591,0.004506,0.004533,16584706,1770490799999,75549.225384,1483,6002970,27368.5011270,0,XNYUSDT,8.5e-05,-0.87
2026-02-07 19:00:00,0.004537,0.004543,0.004483,0.004502,10633335,1770494399999,47963.997073,1296,6011080,27127.8548170,0,XNYUSDT,6.000000000000016e-05,-0.77
2026-02-07 20:00:00,0.004505,0.004526,0.00447,0.004515,6125945,1770497999999,27562.761107,874,2954706,13308.6826920,0,XNYUSDT,5.5999999999999626e-05,0.22
2026-02-07 21:00:00,0.004516,0.004527,0.004499,0.004519,3305926,1770501599999,14913.920038,646,1738279,7846.2976100,0,XNYUSDT,2.799999999999938e-05,0.07
2026-02-07 22:00:00,0.00452,0.004529,0.004481,0.004513,4494716,1770505199999,20258.173593,647,1950603,8789.3687880,0,XNYUSDT,4.80000000000003e-05,-0.15
2026-02-07 23:00:00,0.004515,0.004537,0.004488,0.004508,4803267,1770508799999,21652.722146,754,1567054,7062.3248700,0,XNYUSDT,4.900000000000043e-05,-0.16
2026-02-08 00:00:00,0.004509,0.004516,0.004375,0.00444,18831161,1770512399999,83612.977784,1814,6542847,29077.6790100,0,XNYUSDT,0.00014099999999999963,-1.53
2026-02-08 01:00:00,0.004439,0.004574,0.004431,0.004568,11362861,1770515999999,51161.558914,1338,8529699,38351.5135650,0,XNYUSDT,0.0001429999999999999,2.91
2026-02-08 02:00:00,0.004569,0.004576,0.004521,0.004521,5444312,1770519599999,24794.372909,806,2200433,10030.7429760,0,XNYUSDT,5.500000000000036e-05,-1.05
2026-02-08 03:00:00,0.004521,0.004641,0.004471,0.004634,16905264,1770523199999,77128.235894,1770,9815076,44824.9118920,0,XNYUSDT,0.00017,2.5
2026-02-08 04:00:00,0.004634,0.004693,0.004594,0.004626,14224327,1770526799999,66076.214097,1601,7559867,35095.3719190,0,XNYUSDT,9.900000000000013e-05,-0.17
2026-02-08 05:00:00,0.004622,0.004642,0.004594,0.004596,6331343,1770530399999,29228.678303,721,2503746,11570.5912190,0,XNYUSDT,4.80000000000003e-05,-0.56
2026-02-08 06:00:00,0.0046,0.004626,0.004584,0.00461,5086484,1770533999999,23423.572098,909,2967240,13670.2261820,0,XNYUSDT,4.19999999999995e-05,0.22
2026-02-08 07:00:00,0.004611,0.004743,0.004597,0.004734,13953238,1770537599999,65185.220089,1762,8806759,41159.7858860,0,XNYUSDT,0.00014599999999999943,2.67
2026-02-08 08:00:00,0.004737,0.004828,0.004607,0.004675,67175103,1770541199999,316421.738166,6134,29248295,137817.4643300,0,XNYUSDT,0.00022099999999999984,-1.31
2026-02-08 09:00:00,0.00468,0.004789,0.004643,0.004752,19797468,1770544799999,93680.626939,2681,10610465,50220.9079740,0,XNYUSDT,0.00014599999999999943,1.54
2026-02-08 10:00:00,0.004756,0.004781,0.004736,0.004756,6214937,1770548399999,29565.292167,1123,3079375,14653.7597720,0,XNYUSDT,4.49999999999999e-05,0.0
2026-02-08 11:00:00,0.004759,0.004921,0.004657,0.004731,47328736,1770551999999,225052.95535,5292,22761352,108428.8621880,0,XNYUSDT,0.00026400000000000035,-0.59
2026-02-08 12:00:00,0.004731,0.004778,0.004686,0.00475,13134355,1770555599999,62030.695289,1579,5588576,26403.5868540,0,XNYUSDT,9.200000000000007e-05,0.4
2026-02-08 13:00:00,0.00475,0.004849,0.004731,0.004758,21975466,1770559199999,105406.438286,2711,11182899,53654.1352040,0,XNYUSDT,0.00011800000000000005,0.17
2026-02-08 14:00:00,0.004759,0.004778,0.004479,0.00463,51723323,1770562799999,238802.544637,5264,20663143,95515.8107930,0,XNYUSDT,0.0002989999999999998,-2.71
2026-02-08 15:00:00,0.004634,0.004782,0.004544,0.00459,50842409,1770566399999,238735.522362,5027,17749946,83426.4552040,0,XNYUSDT,0.0002379999999999995,-0.95
2026-02-08 16:00:00,0.00459,0.004697,0.004521,0.00461,42846235,1770569999999,197634.058713,3443,19201576,88606.7578650,0,XNYUSDT,0.00017599999999999994,0.44
2026-02-08 17:00:00,0.004615,0.004658,0.004564,0.004645,16602999,1770573599999,76599.522357,1740,7637376,35232.2965830,0,XNYUSDT,9.399999999999947e-05,0.65
2026-02-08 18:00:00,0.004642,0.004757,0.004634,0.004736,21825291,1770577199999,102638.616421,2584,10533798,49550.2499040,0,XNYUSDT,0.00012299999999999985,2.02
2026-02-08 19:00:00,0.004739,0.004825,0.004739,0.004802,15142670,1770580799999,72552.50803,2173,7205897,34520.2201620,0,XNYUSDT,8.600000000000014e-05,1.33
2026-02-08 20:00:00,0.004804,0.004812,0.004738,0.004787,10243325,1770584399999,48908.899636,1482,4876093,23308.4593350,0,XNYUSDT,7.400000000000028e-05,-0.35
2026-02-08 21:00:00,0.004785,0.004915,0.004783,0.00484,23336049,1770587999999,113574.925004,2698,11439963,55667.7386910,0,XNYUSDT,0.00013200000000000017,1.15
2026-02-08 22:00:00,0.004836,0.00494,0.004833,0.004932,11618757,1770591599999,56890.739766,1451,6990122,34222.9426490,0,XNYUSDT,0.00010700000000000032,1.99
2026-02-08 23:00:00,0.004935,0.005137,0.0049,0.005004,52329986,1770595199999,261955.25984,6359,25711793,128803.9236860,0,XNYUSDT,0.00023700000000000023,1.4
2026-02-09 00:00:00,0.005009,0.005057,0.004727,0.004799,61931795,1770598799999,301121.268476,6684,29084086,141496.1454030,0,XNYUSDT,0.00032999999999999956,-4.19
2026-02-09 01:00:00,0.004798,0.0049,0.004618,0.004648,42521899,1770602399999,202425.108187,4773,16582579,79095.1336650,0,XNYUSDT,0.00028200000000000013,-3.13
2026-02-09 02:00:00,0.004648,0.004834,0.004648,0.004723,24935317,1770605999999,118579.041999,2714,12372013,58785.8099040,0,XNYUSDT,0.00018599999999999953,1.61
2026-02-09 03:00:00,0.004722,0.00476,0.004681,0.004737,10384159,1770609599999,49012.499011,1429,4839664,22873.6339820,0,XNYUSDT,7.900000000000008e-05,0.32
2026-02-09 04:00:00,0.004739,0.004831,0.004718,0.004812,17922609,1770613199999,85664.818972,1609,11404731,54495.5869710,0,XNYUSDT,0.00011300000000000025,1.54
2026-02-09 05:00:00,0.004815,0.004988,0.004806,0.004951,15638741,1770616799999,76601.049125,2409,9782725,47956.9899670,0,XNYUSDT,0.00018199999999999987,2.82
2026-02-09 06:00:00,0.004951,0.004973,0.004764,0.004806,38253607,1770620399999,186401.332556,4551,17391891,84897.4419660,0,XNYUSDT,0.00020899999999999998,-2.93
2026-02-09 07:00:00,0.004804,0.00501,0.004801,0.005003,28508534,1770623999999,140504.098734,3347,16648606,82050.7545710,0,XNYUSDT,0.00020899999999999998,4.14
2026-02-09 08:00:00,0.005007,0.005067,0.004969,0.004982,21882107,1770627599999,109769.191956,2975,10380342,52125.9434150,0,XNYUSDT,9.8e-05,-0.5
2026-02-09 09:00:00,0.004982,0.004989,0.00486,0.004896,21648007,1770631199999,106233.317463,2662,11818007,58015.4385460,0,XNYUSDT,0.00012900000000000064,-1.73
2026-02-09 10:00:00,0.004895,0.004895,0.004728,0.004878,36740625,1770634799999,176355.621207,3753,16765243,80538.7374360,0,XNYUSDT,0.00016699999999999961,-0.35
2026-02-09 11:00:00,0.004877,0.005049,0.004877,0.004961,27871285,1770638399999,138787.3223,3787,13450373,66948.2948140,0,XNYUSDT,0.0001719999999999994,1.72
2026-02-09 12:00:00,0.004961,0.004979,0.004851,0.004855,24045277,1770641999999,118016.367907,3309,9829770,48276.7453140,0,XNYUSDT,0.00012799999999999964,-2.14
2026-02-09 13:00:00,0.004861,0.004917,0.004787,0.004811,20371753,1770645599999,99059.920723,3265,8961531,43590.0612790,0,XNYUSDT,0.00013000000000000077,-1.03
2026-02-09 14:00:00,0.004805,0.004951,0.004805,0.004832,20878750,1770649199999,101613.971703,2920,9502054,46276.1286440,0,XNYUSDT,0.00014599999999999943,0.56
2026-02-09 15:00:00,0.004832,0.004869,0.004742,0.004742,23348822,1770652799999,111978.711208,2917,11540378,55347.6595560,0,XNYUSDT,0.00012700000000000038,-1.86
2026-02-09 16:00:00,0.004742,0.004753,0.004668,0.004697,18345981,1770656399999,86442.89058,2007,8093375,38149.0262360,0,XNYUSDT,8.5e-05,-0.95
2026-02-09 17:00:00,0.0047,0.004739,0.004666,0.00472,16737449,1770659999999,78683.310651,1830,7152018,33640.1811750,0,XNYUSDT,7.300000000000015e-05,0.43
2026-02-09 18:00:00,0.004725,0.004841,0.004621,0.00463,44399287,1770663599999,208714.657095,3685,22867858,107463.7712400,0,XNYUSDT,0.0002199999999999997,-2.01
2026-02-09 19:00:00,0.004628,0.004737,0.004608,0.004709,124108767,1770667199999,580652.706602,8342,54337452,253830.4909100,0,XNYUSDT,0.00012899999999999977,1.75
2026-02-09 20:00:00,0.004714,0.004757,0.004504,0.004548,35770845,1770670799999,164344.462839,2920,17067615,78325.6745470,0,XNYUSDT,0.00025299999999999975,-3.52
2026-02-09 21:00:00,0.004548,0.004665,0.004537,0.004639,31626908,1770674399999,145067.770594,2100,18730019,85831.4448370,0,XNYUSDT,0.00012799999999999964,2.0
2026-02-09 22:00:00,0.00464,0.004668,0.00453,0.004549,45733671,1770677999999,210377.056249,3607,19979619,91800.2225620,0,XNYUSDT,0.0001380000000000001,-1.96
2026-02-09 23:00:00,0.004549,0.004552,0.004386,0.004413,29368424,1770681599999,130499.449176,3182,13140274,58268.2284690,0,XNYUSDT,0.00016599999999999948,-2.99
2026-02-10 00:00:00,0.004412,0.0048,0.004408,0.004682,59491998,1770685199999,275385.194086,6263,28509637,131695.0620730,0,XNYUSDT,0.000392,6.12
2026-02-10 01:00:00,0.004683,0.005115,0.004682,0.004938,139811071,1770688799999,690998.214211,14247,72613650,358347.2698990,0,XNYUSDT,0.00043299999999999936,5.45
2026-02-10 02:00:00,0.004931,0.005528,0.004812,0.005057,237559147,1770692399999,1232868.65469,25437,118878861,616785.1452660,0,XNYUSDT,0.0007159999999999996,2.56
2026-02-10 03:00:00,0.005047,0.005208,0.004917,0.005156,113178025,1770695999999,572880.803166,12267,57432246,290745.0645560,0,XNYUSDT,0.0002909999999999996,2.16
2026-02-10 04:00:00,0.005162,0.005699,0.00513,0.005648,174667292,1770699599999,951917.705272,21231,82240673,448039.3896580,0,XNYUSDT,0.0005690000000000001,9.41
2026-02-10 05:00:00,0.005648,0.005915,0.005263,0.005308,404046986,1770703199999,2239929.729445,38500,180876129,1002880.5081390,0,XNYUSDT,0.0006519999999999998,-6.02
2026-02-10 06:00:00,0.005308,0.005333,0.004984,0.004984,133410635,1770706799999,683148.880436,14345,64579792,331006.3816180,0,XNYUSDT,0.00034900000000000035,-6.1
2026-02-10 07:00:00,0.004987,0.005147,0.004943,0.005113,45613982,1770710399999,230395.229654,5590,25911609,130988.8270430,0,XNYUSDT,0.00020399999999999932,2.53
2026-02-10 08:00:00,0.005113,0.005215,0.005077,0.005189,54425473,1770713999999,280398.576364,5824,29013590,149599.1429310,0,XNYUSDT,0.0001380000000000001,1.49
2026-02-10 09:00:00,0.005192,0.00555,0.005181,0.005444,97752828,1770717599999,528629.576105,11728,47399067,256157.8905010,0,XNYUSDT,0.0003690000000000004,4.85
2026-02-10 10:00:00,0.005444,0.005782,0.005388,0.005578,129871305,1770721199999,726180.753697,16125,60506387,338867.0224150,0,XNYUSDT,0.0003939999999999994,2.46
2026-02-10 11:00:00,0.005583,0.005799,0.005405,0.005499,102461715,1770724799999,571787.323253,11669,46673195,260131.0171000,0,XNYUSDT,0.00039400000000000025,-1.5
2026-02-10 12:00:00,0.005499,0.005582,0.005327,0.005386,154417768,1770728399999,845311.208421,13374,68479580,374853.1863440,0,XNYUSDT,0.000255,-2.05
2026-02-10 13:00:00,0.005382,0.005447,0.005129,0.005222,154326474,1770731999999,815555.588467,12614,85565237,451941.1099730,0,XNYUSDT,0.0003179999999999997,-2.97
2026-02-10 14:00:00,0.00522,0.005459,0.005071,0.005334,234689361,1770735599999,1236336.317198,20473,109653044,577139.9759960,0,XNYUSDT,0.0003880000000000003,2.18
2026-02-10 15:00:00,0.005327,0.005327,0.004941,0.005033,241295786,1770739199999,1227813.412979,19761,119391472,607100.1636070,0,XNYUSDT,0.00038600000000000006,-5.52
2026-02-10 16:00:00,0.005029,0.005231,0.004967,0.005169,227896332,1770742799999,1165774.685539,17452,117075059,598724.8021160,0,XNYUSDT,0.00026400000000000035,2.78
2026-02-10 17:00:00,0.005162,0.00533,0.005151,0.005212,74150807,1770746399999,389355.850093,6520,36999055,194217.6183540,0,XNYUSDT,0.00017899999999999947,0.97
2026-02-10 18:00:00,0.005212,0.005343,0.005103,0.005163,97723986,1770749999999,512674.434633,8683,42282282,221797.0554610,0,XNYUSDT,0.00023999999999999976,-0.94
2026-02-10 19:00:00,0.005163,0.005227,0.005087,0.005145,72785016,1770753599999,375518.721278,6086,39035460,201321.8067590,0,XNYUSDT,0.0001399999999999995,-0.35
2026-02-10 20:00:00,0.005145,0.005176,0.005018,0.005063,58239275,1770757199999,298102.93963,5195,22923558,117208.8517170,0,XNYUSDT,0.00015800000000000015,-1.59
2026-02-10 21:00:00,0.005061,0.005137,0.005052,0.005122,15779245,1770760799999,80517.47836,2088,8867995,45263.2280190,0,XNYUSDT,8.5e-05,1.21
2026-02-10 22:00:00,0.005126,0.005162,0.005029,0.005075,48872357,1770764399999,249239.590018,3883,23558968,120173.6675000,0,XNYUSDT,0.0001330000000000003,-0.99
2026-02-10 23:00:00,0.00507,0.005096,0.004976,0.004992,20601070,1770767999999,103842.842675,2543,9969690,50344.3937750,0,XNYUSDT,0.00011999999999999945,-1.54
2026-02-11 00:00:00,0.004992,0.005295,0.004908,0.005287,67509830,1770771599999,342770.560556,7581,34653381,176271.2776790,0,XNYUSDT,0.0003870000000000002,5.91
2026-02-11 01:00:00,0.005287,0.00618,0.005271,0.005578,539509671,1770775199999,3052126.592379,53473,274573914,1556776.9510170,0,XNYUSDT,0.0009090000000000001,5.5
2026-02-11 02:00:00,0.005579,0.005588,0.005359,0.005382,69697981,1770778799999,382191.73462,8988,26292405,144227.6105930,0,XNYUSDT,0.00022900000000000004,-3.53
2026-02-11 03:00:00,0.005383,0.005414,0.005112,0.005184,64987657,1770782399999,341348.918766,7034,31206270,164080.1726860,0,XNYUSDT,0.0003020000000000002,-3.7
2026-02-11 04:00:00,0.005184,0.00522,0.005084,0.005126,34837413,1770785999999,179923.380656,3532,15591946,80597.8674040,0,XNYUSDT,0.00013599999999999984,-1.12
2026-02-11 05:00:00,0.005128,0.005218,0.005106,0.005134,24223595,1770789599999,125310.194614,2581,10520632,54430.3500980,0,XNYUSDT,0.00011200000000000012,0.12
2026-02-11 06:00:00,0.005133,0.005167,0.004689,0.004907,121510465,1770793199999,593329.105574,11885,58479921,285917.6565650,0,XNYUSDT,0.0004780000000000001,-4.4
2026-02-11 07:00:00,0.004912,0.00496,0.004862,0.00492,19448804,1770796799999,95638.644296,2727,9503818,46745.4325130,0,XNYUSDT,9.8e-05,0.16
2026-02-11 08:00:00,0.004921,0.005081,0.004921,0.005036,27206134,1770800399999,136466.615037,3566,12377618,62135.4895990,0,XNYUSDT,0.00015999999999999955,2.34
2026-02-11 09:00:00,0.005036,0.005249,0.005013,0.005212,29421854,1770803999999,151350.172564,3864,13639168,70167.1794980,0,XNYUSDT,0.0002360000000000001,3.49
2026-02-11 10:00:00,0.005209,0.005264,0.005178,0.005197,24453543,1770807599999,127442.961572,3144,10502188,54755.4679320,0,XNYUSDT,8.599999999999927e-05,-0.23
2026-02-11 11:00:00,0.005194,0.005298,0.005129,0.005266,31883694,1770811199999,166624.759273,4058,14106925,73840.6613590,0,XNYUSDT,0.00016899999999999988,1.39
2026-02-11 12:00:00,0.005266,0.00553,0.005251,0.005426,46405208,1770814799999,250306.043286,5768,21454737,115658.6659310,0,XNYUSDT,0.0002790000000000006,3.04
2026-02-11 13:00:00,0.005426,0.005677,0.005412,0.005604,44085273,1770818399999,245419.872842,6164,19808653,110322.4505420,0,XNYUSDT,0.0002649999999999996,3.28
2026-02-11 14:00:00,0.005601,0.005645,0.00546,0.005501,98198746,1770821999999,541094.662078,8414,50295566,277170.2423190,0,XNYUSDT,0.00018500000000000027,-1.79
2026-02-11 15:00:00,0.005502,0.005587,0.00531,0.005328,85161007,1770825599999,466701.933468,6691,41519127,227323.8761970,0,XNYUSDT,0.00027700000000000034,-3.16
2026-02-11 16:00:00,0.005328,0.005428,0.005268,0.005372,23722773,1770829199999,127165.547784,3542,11835870,63582.7358390,0,XNYUSDT,0.00015999999999999955,0.83
2026-02-11 17:00:00,0.005377,0.005438,0.0053,0.005352,100165533,1770832799999,537953.763225,7161,50761884,272630.9728480,0,XNYUSDT,0.0001380000000000001,-0.46
2026-02-11 18:00:00,0.005354,0.005355,0.005255,0.005266,10573280,1770836399999,55856.051386,1551,5479985,28938.7227010,0,XNYUSDT,0.00010000000000000026,-1.64
2026-02-11 19:00:00,0.005269,0.005299,0.005148,0.005215,42057675,1770839999999,220815.892826,3433,18381914,96501.7054440,0,XNYUSDT,0.0001510000000000001,-1.02
2026-02-11 20:00:00,0.005216,0.005272,0.005152,0.005233,34567296,1770843599999,180798.23081,2685,16109201,84214.0411200,0,XNYUSDT,0.00011999999999999945,0.33
2026-02-11 21:00:00,0.005239,0.005283,0.005211,0.00528,11937781,1770847199999,62738.046515,1309,5982863,31433.7719800,0,XNYUSDT,7.200000000000002e-05,0.78
2026-02-11 22:00:00,0.005281,0.005343,0.005245,0.005319,6094809,1770850799999,32305.890207,1552,3239324,17167.9070870,0,XNYUSDT,9.8e-05,0.72
2026-02-11 23:00:00,0.005319,0.005331,0.005177,0.005237,17397843,1770854399999,91326.436486,3095,7388101,38792.3707790,0,XNYUSDT,0.00015399999999999962,-1.54
2026-02-12 00:00:00,0.005237,0.005322,0.005216,0.005308,14360310,1770857999999,75692.330276,2865,6366600,33504.4053730,0,XNYUSDT,0.00010600000000000019,1.36
2026-02-12 01:00:00,0.005309,0.005383,0.005262,0.005348,14825184,1770861599999,78941.689638,3201,7295590,38875.1895510,0,XNYUSDT,0.00012099999999999958,0.73
2026-02-12 02:00:00,0.005349,0.005506,0.005207,0.0055,29745518,1770865199999,159305.541941,5722,12259622,65725.2671270,0,XNYUSDT,0.0002989999999999998,2.82
2026-02-12 03:00:00,0.0055,0.00554,0.005471,0.005531,11258761,1770868799999,61895.406995,4714,4411681,24269.6616510,0,XNYUSDT,6.899999999999962e-05,0.56
2026-02-12 04:00:00,0.005531,0.005561,0.005467,0.005517,11943192,1770872399999,65909.772903,2863,5179342,28588.9748490,0,XNYUSDT,9.400000000000033e-05,-0.25
2026-02-12 05:00:00,0.005514,0.005796,0.00551,0.005701,39509007,1770875999999,224145.387863,7195,17255454,97882.8692960,0,XNYUSDT,0.0002859999999999998,3.39
2026-02-12 06:00:00,0.005701,0.005904,0.005626,0.005799,41642064,1770879599999,241424.630052,9210,17832907,103532.4952870,0,XNYUSDT,0.00027800000000000047,1.72
2026-02-12 07:00:00,0.0058,0.006159,0.00578,0.006157,83937521,1770883199999,506499.02582,11119,46296360,279166.6510710,0,XNYUSDT,0.000379,6.16
2026-02-12 08:00:00,0.006157,0.00639,0.005672,0.005736,165978405,1770886799999,1002340.571472,24140,77627784,471651.8206490,0,XNYUSDT,0.0007179999999999999,-6.84
2026-02-12 09:00:00,0.005737,0.005796,0.0055,0.005516,68772315,1770890399999,387148.298517,13164,31603419,178185.4184560,0,XNYUSDT,0.00029600000000000026,-3.85
2026-02-12 10:00:00,0.005516,0.005527,0.005181,0.005195,54410778,1770893999999,290797.740141,9899,16993018,90605.5079010,0,XNYUSDT,0.00034599999999999995,-5.82
2026-02-12 11:00:00,0.005195,0.005273,0.00518,0.005195,35177376,1770897599999,183486.00886,7805,17158551,89563.1664220,0,XNYUSDT,9.30000000000002e-05,0.0
2026-02-12 12:00:00,0.005195,0.005259,0.005152,0.005194,25166025,1770901199999,130995.887393,4948,9058018,47147.7484720,0,XNYUSDT,0.00010699999999999946,-0.02
2026-02-12 13:00:00,0.005194,0.005262,0.005159,0.005197,22997805,1770904799999,119777.421089,4992,10988605,57272.5013200,0,XNYUSDT,0.00010299999999999979,0.06
2026-02-12 14:00:00,0.005199,0.0055,0.0051,0.005236,77163730,1770908399999,403730.880733,11559,40406353,211447.9417640,0,XNYUSDT,0.0003999999999999993,0.71
2026-02-12 15:00:00,0.005239,0.005346,0.005152,0.005276,71014373,1770911999999,371474.818639,10187,31019400,162138.2571880,0,XNYUSDT,0.00019399999999999973,0.71
2026-02-12 16:00:00,0.005277,0.005355,0.005024,0.005079,69335642,1770915599999,362995.40591,8208,20843558,109062.6243310,0,XNYUSDT,0.00033100000000000056,-3.75
2026-02-12 17:00:00,0.005075,0.005112,0.004981,0.00511,82956605,1770919199999,418306.085001,8462,48703028,245721.8649510,0,XNYUSDT,0.00013100000000000004,0.69
2026-02-12 18:00:00,0.005111,0.005135,0.00501,0.005046,9886964,1770922799999,50112.076715,2614,4486015,22716.7774260,0,XNYUSDT,0.0001250000000000001,-1.27
2026-02-12 19:00:00,0.005046,0.005176,0.005004,0.005145,67262939,1770926399999,342332.838913,6558,35122689,178583.8244670,0,XNYUSDT,0.00017200000000000028,1.96
2026-02-12 20:00:00,0.005145,0.005169,0.005021,0.005025,28271711,1770929999999,144426.392549,4358,11397901,58196.6682090,0,XNYUSDT,0.0001479999999999997,-2.33
2026-02-12 21:00:00,0.005021,0.005078,0.004988,0.005008,38633903,1770933599999,194921.022203,4506,15941363,80541.6460300,0,XNYUSDT,8.99999999999998e-05,-0.26
2026-02-12 22:00:00,0.005008,0.005071,0.005002,0.005065,8516871,1770937199999,42865.240597,1650,4455524,22412.2415020,0,XNYUSDT,6.899999999999962e-05,1.14
2026-02-12 23:00:00,0.005065,0.005094,0.005038,0.00508,4655705,1770940799999,23582.904563,830,1500160,7600.8839600,0,XNYUSDT,5.5999999999999626e-05,0.3
2026-02-13 00:00:00,0.005077,0.005391,0.005069,0.005375,30170931,1770944399999,157164.044409,4129,18972783,98780.1783540,0,XNYUSDT,0.00032200000000000024,5.87
2026-02-13 01:00:00,0.005374,0.00564,0.005344,0.005516,44044034,1770947999999,242258.75743,7260,25837597,142031.6302570,0,XNYUSDT,0.00029600000000000026,2.64
2026-02-13 02:00:00,0.005512,0.005647,0.005447,0.00551,30853521,1770951599999,171256.841995,4849,13623136,75680.2642160,0,XNYUSDT,0.00020000000000000052,-0.04
2026-02-13 03:00:00,0.005511,0.005743,0.0055,0.005635,24025452,1770955199999,135510.50354,4065,11570417,65293.0221550,0,XNYUSDT,0.00024300000000000016,2.25
2026-02-13 04:00:00,0.005634,0.005853,0.005605,0.005612,51527975,1770958799999,295918.013942,6946,26072751,149743.1907970,0,XNYUSDT,0.00024799999999999996,-0.39
2026-02-13 05:00:00,0.005608,0.005857,0.005588,0.005694,42787622,1770962399999,246014.770887,5634,19636135,112734.8503980,0,XNYUSDT,0.00026900000000000014,1.53
2026-02-13 06:00:00,0.005691,0.005868,0.00564,0.005797,19825947,1770965999999,114460.847998,3396,10500598,60616.0520200,0,XNYUSDT,0.0002279999999999999,1.86
2026-02-13 07:00:00,0.005799,0.005846,0.005709,0.005781,17811136,1770969599999,102849.494165,2690,9452854,54605.5417700,0,XNYUSDT,0.00013699999999999997,-0.31
2026-02-13 08:00:00,0.005793,0.006074,0.005782,0.00603,43510063,1770973199999,259749.456601,5039,23163005,138353.7915720,0,XNYUSDT,0.0002920000000000006,4.09
2026-02-13 09:00:00,0.006033,0.00623,0.005997,0.00622,41083559,1770976799999,252785.208598,5301,20464818,125893.3649360,0,XNYUSDT,0.00023300000000000057,3.1
2026-02-13 10:00:00,0.006215,0.006343,0.005702,0.006116,110822160,1770980399999,670578.856894,14805,52003448,314367.3564070,0,XNYUSDT,0.0006410000000000001,-1.59
2026-02-13 11:00:00,0.006123,0.006418,0.005861,0.006118,174574353,1770983999999,1072268.35001,19863,88509179,543303.8576840,0,XNYUSDT,0.0005570000000000002,-0.08
2026-02-13 12:00:00,0.006114,0.0063,0.006014,0.006287,62114145,1770987599999,383944.722091,7918,28018601,173264.9635830,0,XNYUSDT,0.0002859999999999998,2.83
2026-02-13 13:00:00,0.006285,0.006335,0.006126,0.006173,42606965,1770991199999,265525.787773,5672,21103063,131616.7882870,0,XNYUSDT,0.00020899999999999998,-1.78
2026-02-13 14:00:00,0.006172,0.006335,0.006168,0.006241,31167230,1770994799999,195341.268774,4278,14075908,88308.0218380,0,XNYUSDT,0.00016700000000000048,1.12
2026-02-13 15:00:00,0.006241,0.006333,0.006156,0.006174,32157342,1770998399999,200654.879566,4741,15723698,98217.0801560,0,XNYUSDT,0.00017700000000000007,-1.07
2026-02-13 16:00:00,0.006174,0.0065,0.006121,0.006221,87881795,1771001999999,554826.98057,10578,42451097,268293.6599430,0,XNYUSDT,0.000379,0.76
2026-02-13 17:00:00,0.006219,0.006219,0.006029,0.006123,24085093,1771005599999,147469.06941,3833,10765825,65909.5467080,0,XNYUSDT,0.00019000000000000006,-1.54
2026-02-13 18:00:00,0.006127,0.006174,0.00604,0.006101,13979399,1771009199999,85143.232309,2264,6670035,40658.4450400,0,XNYUSDT,0.00013399999999999957,-0.42
2026-02-13 19:00:00,0.006104,0.006219,0.006104,0.006132,9576366,1771012799999,58995.550533,1856,4915533,30301.3582340,0,XNYUSDT,0.00011499999999999965,0.46
2026-02-13 20:00:00,0.006132,0.006313,0.006116,0.006313,19496147,1771016399999,121608.002946,2742,9269138,57823.2549100,0,XNYUSDT,0.00019700000000000013,2.95
2026-02-13 21:00:00,0.006315,0.006391,0.006176,0.006266,15615034,1771019999999,98105.038255,3538,7952839,50003.0592650,0,XNYUSDT,0.0002149999999999999,-0.78
2026-02-13 22:00:00,0.006266,0.006286,0.006195,0.006227,8461495,1771023599999,52816.157404,1885,4658709,29087.6687210,0,XNYUSDT,9.099999999999994e-05,-0.62
2026-02-13 23:00:00,0.006226,0.006256,0.006147,0.006169,7698589,1771027199999,47624.924331,1428,4344427,26875.4129070,0,XNYUSDT,0.00010900000000000059,-0.92
2026-02-14 00:00:00,0.006171,0.00618,0.006083,0.006113,16168127,1771030799999,99035.707804,3161,6484554,39771.3559170,0,XNYUSDT,9.699999999999986e-05,-0.94
2026-02-14 01:00:00,0.006116,0.006117,0.005787,0.005852,44396686,1771034399999,263111.843584,6289,17866585,105713.1187540,0,XNYUSDT,0.00033000000000000043,-4.32
2026-02-14 02:00:00,0.005853,0.005926,0.005743,0.0058,26385771,1771037999999,153940.597605,4668,13532125,79015.3664340,0,XNYUSDT,0.000183,-0.91
2026-02-14 03:00:00,0.005804,0.005813,0.005685,0.005782,17807236,1771041599999,102270.403422,3665,8111894,46626.2021480,0,XNYUSDT,0.00012799999999999964,-0.38
2026-02-14 04:00:00,0.005778,0.006299,0.005777,0.006205,35515569,1771045199999,213962.259255,6360,21930324,132096.8471200,0,XNYUSDT,0.0005219999999999999,7.39
2026-02-14 05:00:00,0.006203,0.006265,0.006101,0.006182,30170967,1771048799999,186495.364257,4451,12106971,74797.0051810,0,XNYUSDT,0.00016400000000000008,-0.34
2026-02-14 06:00:00,0.006179,0.006298,0.006148,0.006264,10156690,1771052399999,63236.994825,2113,5389058,33550.0034950,0,XNYUSDT,0.00014999999999999996,1.38
2026-02-14 07:00:00,0.006263,0.0066,0.006262,0.00652,35766191,1771055999999,229684.533024,4199,21027536,135129.0516630,0,XNYUSDT,0.00033799999999999976,4.1
2026-02-14 08:00:00,0.006527,0.006591,0.006326,0.006573,30587199,1771059599999,198319.336825,4800,13006706,84373.3672920,0,XNYUSDT,0.0002649999999999996,0.7
2026-02-14 09:00:00,0.006573,0.00665,0.006509,0.00656,19183215,1771063199999,126472.785175,3105,8972899,59191.1685420,0,XNYUSDT,0.00014099999999999963,-0.2
2026-02-14 10:00:00,0.006546,0.006576,0.006494,0.006503,3549307,1771066799999,23187.798006,623,1647509,10761.4276360,0,XNYUSDT,8.200000000000048e-05,-0.66
